a:4:{s:4:"code";s:18:"code_60d9bfd35905d";s:9:"client_id";s:30:"client_606c5bfe886e14.91787997";s:7:"user_id";s:28:"user_6087d1978824c4.38987336";s:10:"expired_in";O:17:"DateTimeImmutable":3:{s:4:"date";s:26:"2021-06-28 12:30:55.367178";s:13:"timezone_type";i:3;s:8:"timezone";s:3:"UTC";}}
a:4:{s:4:"code";s:18:"code_60d9c114241b9";s:9:"client_id";s:30:"client_606c5bfe886e14.91787997";s:7:"user_id";s:28:"user_6087d1978824c4.38987336";s:10:"expired_in";O:17:"DateTimeImmutable":3:{s:4:"date";s:26:"2021-06-28 12:36:16.150525";s:13:"timezone_type";i:3;s:8:"timezone";s:3:"UTC";}}
a:4:{s:4:"code";s:18:"code_60d9c11fe8940";s:9:"client_id";s:30:"client_606c5bfe886e14.91787997";s:7:"user_id";s:28:"user_6087d1978824c4.38987336";s:10:"expired_in";O:17:"DateTimeImmutable":3:{s:4:"date";s:26:"2021-06-28 12:36:27.967459";s:13:"timezone_type";i:3;s:8:"timezone";s:3:"UTC";}}