a:4:{s:5:"token";s:29:"token_60d9c04d845042.92368412";s:9:"client_id";s:30:"client_606c5bfe886e14.91787997";s:7:"user_id";s:28:"user_6087d1978824c4.38987336";s:10:"expired_in";O:17:"DateTimeImmutable":3:{s:4:"date";s:26:"2021-06-28 13:27:57.564410";s:13:"timezone_type";i:3;s:8:"timezone";s:3:"UTC";}}
a:4:{s:5:"token";s:29:"token_60d9c0ad18bd58.24315278";s:9:"client_id";s:30:"client_606c5bfe886e14.91787997";s:7:"user_id";s:28:"user_6087d1978824c4.38987336";s:10:"expired_in";O:17:"DateTimeImmutable":3:{s:4:"date";s:26:"2021-06-28 13:29:33.105606";s:13:"timezone_type";i:3;s:8:"timezone";s:3:"UTC";}}
a:4:{s:5:"token";s:29:"token_60d9c1200789f6.80688915";s:9:"client_id";s:30:"client_606c5bfe886e14.91787997";s:7:"user_id";s:28:"user_6087d1978824c4.38987336";s:10:"expired_in";O:17:"DateTimeImmutable":3:{s:4:"date";s:26:"2021-06-28 13:31:28.036320";s:13:"timezone_type";i:3;s:8:"timezone";s:3:"UTC";}}